     0.218      0.000      0.018      0.000      0.000      1.000      0.000      2.000
     0.185      0.009      0.046      0.000      0.000      1.000      0.000      2.000
     0.146      0.000      0.124      0.022      0.035      0.965      0.000      2.000
     0.222      0.009      0.019      0.000      0.000      1.000      0.000      2.000
     0.125      0.000      0.104      0.000      0.000      1.000      0.000      2.000
     0.133      0.000      0.000      0.000      0.000      1.000      0.000      2.000
     0.118      0.000      0.032      0.043      1.000      0.000      0.000      1.000
     0.068      0.000      0.068      0.000      0.000      1.000      0.000      2.000
     0.062      0.016      0.016      0.031      0.986      0.013      0.001      1.000
     0.178      0.027      0.014      0.000      0.000      0.782      0.218      2.000
     0.097      0.008      0.016      0.000      0.000      1.000      0.000      2.000
     0.314      0.000      0.012      0.000      0.000      1.000      0.000      2.000
     0.209      0.000      0.011      0.000      0.000      1.000      0.000      2.000
     0.224      0.017      0.000      0.017      0.000      0.998      0.002      2.000
     0.180      0.008      0.025      0.041      1.000      0.000      0.000      1.000
     0.286      0.000      0.020      0.000      0.000      1.000      0.000      2.000
     0.120      0.020      0.040      0.000      0.000      0.989      0.011      2.000
     0.228      0.059      0.000      0.000      0.000      0.000      1.000      3.000
     0.177      0.016      0.032      0.000      0.000      1.000      0.000      2.000
     0.240      0.000      0.000      0.000      0.000      1.000      0.000      2.000
     0.216      0.000      0.020      0.000      0.000      1.000      0.000      2.000
     0.206      0.000      0.000      0.000      0.000      1.000      0.000      2.000
     0.222      0.011      0.011      0.022      0.004      0.996      0.000      2.000
     0.153      0.000      0.072      0.009      0.000      1.000      0.000      2.000
     0.284      0.000      0.000      0.000      0.000      1.000      0.000      2.000
     0.134      0.000      0.030      0.000      0.000      1.000      0.000      2.000
     0.091      0.036      0.000      0.000      0.000      0.004      0.996      3.000
     0.071      0.014      0.029      0.000      0.000      0.999      0.001      2.000
     0.182      0.015      0.000      0.000      0.000      1.000      0.000      2.000
     0.159      0.016      0.016      0.000      0.000      1.000      0.000      2.000
     0.202      0.008      0.039      0.000      0.000      1.000      0.000      2.000
     0.232      0.011      0.000      0.000      0.000      1.000      0.000      2.000
     0.206      0.010      0.088      0.010      0.000      1.000      0.000      2.000
     0.183      0.000      0.125      0.000      0.000      1.000      0.000      2.000
     0.154      0.011      0.000      0.000      0.000      1.000      0.000      2.000
     0.211      0.000      0.011      0.000      0.000      1.000      0.000      2.000
     0.095      0.000      0.143      0.000      0.000      1.000      0.000      2.000
     0.122      0.033      0.167      0.000      0.000      0.023      0.977      3.000
     0.117      0.000      0.067      0.033      0.991      0.009      0.000      1.000
     0.212      0.000      0.000      0.000      0.000      1.000      0.000      2.000
     0.091      0.055      0.000      0.036      0.000      0.000      1.000      3.000
     0.148      0.000      0.049      0.000      0.000      1.000      0.000      2.000
     0.167      0.015      0.000      0.015      0.000      0.999      0.001      2.000
     0.203      0.000      0.017      0.000      0.000      1.000      0.000      2.000
     0.255      0.021      0.106      0.000      0.000      0.997      0.003      2.000
     0.261      0.000      0.000      0.000      0.000      1.000      0.000      2.000
     0.286      0.000      0.020      0.000      0.000      1.000      0.000      2.000
     0.263      0.000      0.081      0.000      0.000      1.000      0.000      2.000
     0.167      0.000      0.061      0.045      1.000      0.000      0.000      1.000
     0.080      0.011      0.069      0.000      0.000      1.000      0.000      2.000
     0.231      0.000      0.034      0.000      0.000      1.000      0.000      2.000
     0.296      0.000      0.028      0.000      0.000      1.000      0.000      2.000
     0.250      0.000      0.050      0.008      0.000      1.000      0.000      2.000
     0.169      0.017      0.008      0.000      0.000      0.999      0.001      2.000
     0.174      0.000      0.022      0.000      0.000      1.000      0.000      2.000
     0.062      0.000      0.000      0.094      1.000      0.000      0.000      1.000
     0.345      0.000      0.000      0.000      0.000      1.000      0.000      2.000
     0.214      0.000      0.000      0.000      0.000      1.000      0.000      2.000
     0.279      0.029      0.015      0.000      0.000      0.868      0.132      2.000
     0.212      0.000      0.019      0.010      0.000      1.000      0.000      2.000
     0.241      0.000      0.011      0.000      0.000      1.000      0.000      2.000
     0.048      0.000      0.000      0.032      0.997      0.003      0.000      1.000
     0.165      0.046      0.064      0.018      0.000      0.000      1.000      3.000
     0.296      0.000      0.014      0.014      0.000      1.000      0.000      2.000
     0.131      0.012      0.060      0.000      0.000      1.000      0.000      2.000
     0.156      0.000      0.000      0.000      0.000      1.000      0.000      2.000
     0.037      0.000      0.111      0.000      0.000      1.000      0.000      2.000
     0.186      0.010      0.031      0.010      0.000      1.000      0.000      2.000
     0.213      0.000      0.043      0.000      0.000      1.000      0.000      2.000
     0.161      0.054      0.018      0.000      0.000      0.000      1.000      3.000
     0.207      0.000      0.041      0.000      0.000      1.000      0.000      2.000
     0.259      0.000      0.052      0.000      0.000      1.000      0.000      2.000
     0.195      0.024      0.061      0.012      0.000      0.883      0.117      2.000
     0.333      0.000      0.100      0.017      0.000      1.000      0.000      2.000
     0.173      0.009      0.027      0.009      0.000      1.000      0.000      2.000
     0.234      0.000      0.065      0.013      0.000      1.000      0.000      2.000
     0.250      0.015      0.015      0.000      0.000      1.000      0.000      2.000
     0.136      0.000      0.000      0.000      0.000      1.000      0.000      2.000
     0.234      0.021      0.000      0.000      0.000      0.997      0.003      2.000
     0.227      0.013      0.000      0.000      0.000      1.000      0.000      2.000
     0.194      0.000      0.075      0.000      0.000      1.000      0.000      2.000
     0.200      0.000      0.015      0.000      0.000      1.000      0.000      2.000
     0.255      0.000      0.020      0.000      0.000      1.000      0.000      2.000
     0.208      0.021      0.042      0.000      0.000      0.996      0.004      2.000
     0.267      0.000      0.023      0.000      0.000      1.000      0.000      2.000
     0.293      0.000      0.000      0.000      0.000      1.000      0.000      2.000
     0.264      0.000      0.022      0.000      0.000      1.000      0.000      2.000
     0.233      0.000      0.000      0.000      0.000      1.000      0.000      2.000
     0.263      0.000      0.000      0.000      0.000      1.000      0.000      2.000
     0.096      0.000      0.000      0.000      0.000      1.000      0.000      2.000
     0.302      0.000      0.048      0.000      0.000      1.000      0.000      2.000
     0.160      0.000      0.032      0.011      0.000      1.000      0.000      2.000
     0.326      0.000      0.000      0.000      0.000      1.000      0.000      2.000
     0.250      0.000      0.000      0.000      0.000      1.000      0.000      2.000
     0.198      0.000      0.083      0.000      0.000      1.000      0.000      2.000
     0.227      0.011      0.057      0.000      0.000      1.000      0.000      2.000
     0.173      0.019      0.038      0.000      0.000      0.997      0.003      2.000
     0.193      0.035      0.018      0.000      0.000      0.046      0.954      3.000
     0.242      0.015      0.015      0.000      0.000      1.000      0.000      2.000
     0.018      0.036      0.036      0.018      0.000      0.000      1.000      3.000
     0.224      0.012      0.082      0.000      0.000      1.000      0.000      2.000
